   0.00000000       0.00000000    
   1.23370078E-03   9.99999978E-03
   2.32243421E-03   1.99999996E-02
   3.27870925E-03   2.99999993E-02
   4.11336310E-03   3.99999991E-02
   4.83571645E-03   4.99999970E-02
   5.45368856E-03   5.99999987E-02
   5.97388344E-03   7.00000003E-02
   6.40167575E-03   7.99999982E-02
   6.74126809E-03   8.99999961E-02
   6.99574314E-03   9.99999940E-02
   7.16710230E-03  0.109999999    
   7.25627504E-03  0.119999997    
   7.26311700E-03  0.129999995    
   7.18638208E-03  0.140000001    
   7.02367118E-03  0.149999991    
   6.77134702E-03  0.159999996    
   6.42440608E-03  0.170000002    
   5.97634958E-03  0.179999992    
   5.41893532E-03  0.189999998    
   4.74193366E-03  0.199999988    
   3.93281225E-03  0.209999993    
   2.97628576E-03  0.219999999    
   1.85380923E-03  0.229999989    
   5.42897033E-04  0.239999995    
  -9.83668724E-04  0.250000000    
  -2.75878701E-03  0.259999990    
  -4.82225465E-03  0.269999981    
  -7.22214486E-03  0.280000001    
  -1.00163426E-02  0.289999992    
  -1.32741872E-02  0.299999982    
  -1.70780290E-02  0.310000002    
  -2.15243306E-02  0.319999993    
  -2.67237369E-02  0.329999983    
  -3.27992216E-02  0.340000004    
  -3.98810990E-02  0.349999994    
  -4.80975471E-02  0.359999985    
  -5.75596318E-02  0.370000005    
  -6.83409944E-02  0.379999995    
  -8.04548785E-02  0.389999986    
  -9.38340724E-02  0.399999976    
 -0.108321466      0.409999996    
 -0.123677053      0.419999987    
 -0.139600396      0.429999977    
 -0.155761346      0.439999998    
 -0.171830326      0.449999988    
 -0.187501416      0.459999979    
 -0.202506885      0.469999999    
 -0.216623589      0.479999989    
 -0.229673192      0.489999980    
 -0.241518497      0.500000000    
 -0.252058268      0.509999990    
 -0.261221379      0.519999981    
 -0.268960655      0.529999971    
 -0.275248587      0.539999962    
 -0.280072540      0.550000012    
 -0.283431083      0.560000002    
 -0.285331726      0.569999993    
 -0.285789192      0.579999983    
 -0.284823418      0.589999974    
 -0.282458395      0.599999964    
 -0.278721929      0.610000014    
 -0.273644567      0.620000005    
 -0.267259777      0.629999995    
 -0.259602994      0.639999986    
 -0.250712037      0.649999976    
 -0.240626559      0.659999967    
 -0.229385123      0.669999957    
 -0.217027962      0.680000007    
 -0.203594938      0.689999998    
 -0.189121440      0.699999988    
 -0.173639879      0.709999979    
 -0.157179311      0.719999969    
 -0.139760599      0.729999959    
 -0.121394172      0.740000010    
 -0.102080405      0.750000000    
  -8.18058848E-02  0.759999990    
  -6.05404377E-02  0.769999981    
  -3.82356346E-02  0.779999971    
  -1.48221850E-02  0.789999962    
   9.79341567E-03  0.799999952    
   3.57296318E-02  0.810000002    
   6.31306320E-02  0.819999993    
   9.21677798E-02  0.829999983    
  0.123038888      0.839999974    
  0.155965984      0.849999964    
  0.191191211      0.859999955    
  0.228969380      0.870000005    
  0.269559413      0.879999995    
  0.313211977      0.889999986    
  0.360154927      0.899999976    
  0.410571903      0.909999967    
  0.464580953      0.919999957    
  0.522211790      0.930000007    
  0.583378077      0.939999998    
  0.647854090      0.949999988    
  0.715251386      0.959999979    
  0.785002887      0.969999969    
  0.856356800      0.979999959    
  0.928383350      0.989999950    
   1.00000000       1.00000000    
