   0.00000000       0.00000000    
   9.99999978E-03   5.73781971E-03
   1.99999996E-02   1.13147283E-02
   2.99999993E-02   1.66829415E-02
   3.99999991E-02   2.18041688E-02
   4.99999970E-02   2.66486369E-02
   5.99999987E-02   3.11941579E-02
   7.00000003E-02   3.54252532E-02
   7.99999982E-02   3.93322147E-02
   8.99999961E-02   4.29103971E-02
   9.99999940E-02   4.61593159E-02
  0.109999999       4.90820296E-02
  0.119999997       5.16844355E-02
  0.129999995       5.39746396E-02
  0.140000001       5.59625477E-02
  0.149999991       5.76591119E-02
  0.159999996       5.90761453E-02
  0.170000002       6.02259077E-02
  0.179999992       6.11207224E-02
  0.189999998       6.17726259E-02
  0.199999988       6.21934906E-02
  0.209999993       6.23943284E-02
  0.219999999       6.23856671E-02
  0.229999989       6.21771924E-02
  0.239999995       6.17776066E-02
  0.250000000       6.11949265E-02
  0.259999990       6.04361296E-02
  0.269999981       5.95074147E-02
  0.280000001       5.84139489E-02
  0.289999992       5.71602955E-02
  0.299999982       5.57503663E-02
  0.310000002       5.41871898E-02
  0.319999993       5.24732769E-02
  0.329999983       5.06110974E-02
  0.340000004       4.86022793E-02
  0.349999994       4.64486890E-02
  0.359999985       4.41523269E-02
  0.370000005       4.17145900E-02
  0.379999995       3.91378999E-02
  0.389999986       3.64249572E-02
  0.399999976       3.35790217E-02
  0.409999996       3.06048431E-02
  0.419999987       2.75082886E-02
  0.429999977       2.42967159E-02
  0.439999998       2.09797174E-02
  0.449999988       1.75695866E-02
  0.459999979       1.40814111E-02
  0.469999999       1.05340034E-02
  0.479999989       6.95064664E-03
  0.489999980       3.35955992E-03
  0.500000000      -2.05729157E-04
  0.509999990      -3.70563939E-03
  0.519999981      -7.09481537E-03
  0.529999971      -1.03231519E-02
  0.539999962      -1.33373775E-02
  0.550000012      -1.60858966E-02
  0.560000002      -1.85246579E-02
  0.569999993      -2.06250697E-02
  0.579999983      -2.23845243E-02
  0.589999974      -2.38358974E-02
  0.599999964      -2.50513665E-02
  0.610000014      -2.61393376E-02
  0.620000005      -2.72299163E-02
  0.629999995      -2.84517184E-02
  0.639999986      -2.99108215E-02
  0.649999976      -3.16766091E-02
  0.659999967      -3.37780453E-02
  0.669999957      -3.62081453E-02
  0.680000007      -3.89321707E-02
  0.689999998      -4.18969430E-02
  0.699999988      -4.50386666E-02
  0.709999979      -4.82885651E-02
  0.719999969      -5.15774824E-02
  0.729999959      -5.48381843E-02
  0.740000010      -5.80082648E-02
  0.750000000      -6.10313863E-02
  0.759999990      -6.38574809E-02
  0.769999981      -6.64431602E-02
  0.779999971      -6.87485561E-02
  0.789999962      -7.07336739E-02
  0.799999952      -7.23538920E-02
  0.810000002      -7.35556260E-02
  0.819999993      -7.42762163E-02
  0.829999983      -7.44480640E-02
  0.839999974      -7.40055218E-02
  0.849999964      -7.28926435E-02
  0.859999955      -7.10695535E-02
  0.870000005      -6.85171485E-02
  0.879999995      -6.52395636E-02
  0.889999986      -6.12647980E-02
  0.899999976      -5.66443913E-02
  0.909999967      -5.14522791E-02
  0.919999957      -4.57830839E-02
  0.930000007      -3.97503786E-02
  0.939999998      -3.34847867E-02
  0.949999988      -2.71320678E-02
  0.959999979      -2.08513103E-02
  0.969999969      -1.48131596E-02
  0.979999959      -9.19816643E-03
  0.989999950      -4.19521146E-03
   1.00000000       0.00000000    
