   0.00000000       0.00000000    
  -6.55432092E-03   9.99999978E-03
  -1.28061511E-02   1.99999996E-02
  -1.87881310E-02   2.99999993E-02
  -2.45306101E-02   3.99999991E-02
  -3.00617833E-02   4.99999970E-02
  -3.54078412E-02   5.99999987E-02
  -4.05931026E-02   7.00000003E-02
  -4.56401967E-02   7.99999982E-02
  -5.05700894E-02   8.99999961E-02
  -5.54022379E-02   9.99999940E-02
  -6.01546615E-02  0.109999999    
  -6.48438856E-02  0.119999997    
  -6.94850683E-02  0.129999995    
  -7.40920901E-02  0.140000001    
  -7.86774307E-02  0.149999991    
  -8.32522288E-02  0.159999996    
  -8.78261626E-02  0.170000002    
  -9.24076438E-02  0.179999992    
  -9.70035791E-02  0.189999998    
 -0.101619355      0.199999988    
 -0.106258929      0.209999993    
 -0.110924669      0.219999999    
 -0.115617178      0.229999989    
 -0.120335259      0.239999995    
 -0.125076249      0.250000000    
 -0.129835591      0.259999990    
 -0.134606376      0.269999981    
 -0.139380246      0.280000001    
 -0.144146755      0.289999992    
 -0.148893058      0.299999982    
 -0.153604612      0.310000002    
 -0.158264861      0.319999993    
 -0.162855074      0.329999983    
 -0.167354569      0.340000004    
 -0.171740547      0.349999994    
 -0.175988674      0.359999985    
 -0.180072531      0.370000005    
 -0.183964521      0.379999995    
 -0.187635615      0.389999986    
 -0.191055432      0.399999976    
 -0.194192499      0.409999996    
 -0.197015151      0.419999987    
 -0.199491724      0.429999977    
 -0.201589242      0.439999998    
 -0.203275874      0.449999988    
 -0.204520866      0.459999979    
 -0.205294043      0.469999999    
 -0.205566928      0.479999989    
 -0.205312669      0.489999980    
 -0.204506144      0.500000000    
 -0.203125924      0.509999990    
 -0.201152638      0.519999981    
 -0.198569894      0.529999971    
 -0.195365027      0.539999962    
 -0.191528350      0.550000012    
 -0.187053904      0.560000002    
 -0.181939080      0.569999993    
 -0.176185742      0.579999983    
 -0.169799104      0.589999974    
 -0.162786245      0.599999964    
 -0.155156478      0.610000014    
 -0.146923959      0.620000005    
 -0.138103962      0.629999995    
 -0.128711760      0.639999986    
 -0.118764862      0.649999976    
 -0.108280033      0.659999967    
  -9.72725451E-02  0.669999957    
  -8.57565552E-02  0.680000007    
  -7.37424940E-02  0.689999998    
  -6.12355769E-02  0.699999988    
  -4.82369214E-02  0.709999979    
  -3.47390771E-02  0.719999969    
  -2.07241625E-02  0.729999959    
  -6.16498291E-03  0.740000010    
   8.97757709E-03  0.750000000    
   2.47593969E-02  0.759999990    
   4.12546098E-02  0.769999981    
   5.85552305E-02  0.779999971    
   7.67745078E-02  0.789999962    
   9.60510224E-02  0.799999952    
  0.116548687      0.810000002    
  0.138456374      0.819999993    
  0.161990896      0.829999983    
  0.187394395      0.839999974    
  0.214930624      0.849999964    
  0.244881585      0.859999955    
  0.277540475      0.870000005    
  0.313201189      0.879999995    
  0.352143496      0.889999986    
  0.394615918      0.899999976    
  0.440816969      0.909999967    
  0.490870148      0.919999957    
  0.544796348      0.930000007    
  0.602488816      0.939999998    
  0.663685441      0.949999988    
  0.727945387      0.959999979    
  0.794633687      0.969999969    
  0.862915397      0.979999959    
  0.931765556      0.989999950    
   1.00000000       1.00000000    
