   0.00000000       0.00000000    
   9.99999978E-03   1.60911176E-02
   1.99999996E-02   3.11105195E-02
   2.99999993E-02   4.50810082E-02
   3.99999991E-02   5.80307543E-02
   4.99999970E-02   6.99922070E-02
   5.99999987E-02   8.10012221E-02
   7.00000003E-02   9.10963416E-02
   7.99999982E-02  0.100318007    
   8.99999961E-02  0.108707935    
   9.99999940E-02  0.116308406    
  0.109999999      0.123161986    
  0.119999997      0.129310608    
  0.129999995      0.134795159    
  0.140000001      0.139655545    
  0.149999991      0.143929899    
  0.159999996      0.147654444    
  0.170000002      0.150863230    
  0.179999992      0.153587952    
  0.189999998      0.155857667    
  0.199999988      0.157699272    
  0.209999993      0.159136668    
  0.219999999      0.160191298    
  0.229999989      0.160882071    
  0.239999995      0.161225066    
  0.250000000      0.161234200    
  0.259999990      0.160920814    
  0.269999981      0.160294026    
  0.280000001      0.159360841    
  0.289999992      0.158126280    
  0.299999982      0.156593695    
  0.310000002      0.154764205    
  0.319999993      0.152637810    
  0.329999983      0.150213212    
  0.340000004      0.147487596    
  0.349999994      0.144457638    
  0.359999985      0.141118661    
  0.370000005      0.137465268    
  0.379999995      0.133491680    
  0.389999986      0.129191771    
  0.399999976      0.124558806    
  0.409999996      0.119586475    
  0.419999987      0.114268437    
  0.429999977      0.108598359    
  0.439999998      0.102570094    
  0.449999988       9.61784273E-02
  0.459999979       8.94188881E-02
  0.469999999       8.22879374E-02
  0.479999989       7.47827813E-02
  0.489999980       6.69019297E-02
  0.500000000       5.86453825E-02
  0.509999990       5.00151888E-02
  0.519999981       4.10150737E-02
  0.529999971       3.16502526E-02
  0.539999962       2.19294801E-02
  0.550000012       1.18633732E-02
  0.560000002       1.46552920E-03
  0.569999993      -9.24710184E-03
  0.579999983      -2.02544034E-02
  0.589999974      -3.15321609E-02
  0.599999964      -4.30513173E-02
  0.610000014      -5.47792763E-02
  0.620000005      -6.66789711E-02
  0.629999995      -7.87075609E-02
  0.639999986      -9.08164307E-02
  0.649999976     -0.102951564    
  0.659999967     -0.115053728    
  0.669999957     -0.127056614    
  0.680000007     -0.138887763    
  0.689999998     -0.150469139    
  0.699999988     -0.161716163    
  0.709999979     -0.172538504    
  0.719999969     -0.182840422    
  0.729999959     -0.192521706    
  0.740000010     -0.201478794    
  0.750000000     -0.209604576    
  0.759999990     -0.216791600    
  0.769999981     -0.222932369    
  0.779999971     -0.227922022    
  0.789999962     -0.231661096    
  0.799999952     -0.234055802    
  0.810000002     -0.235022232    
  0.819999993     -0.234489337    
  0.829999983     -0.232400104    
  0.839999974     -0.228714198    
  0.849999964     -0.223410875    
  0.859999955     -0.216490313    
  0.870000005     -0.207975045    
  0.879999995     -0.197910562    
  0.889999986     -0.186365709    
  0.899999976     -0.173432037    
  0.909999967     -0.159222573    
  0.919999957     -0.143870130    
  0.930000007     -0.127524599    
  0.939999998     -0.110350072    
  0.949999988      -9.25214887E-02
  0.959999979      -7.42211118E-02
  0.969999969      -5.56348041E-02
  0.979999959      -3.69484685E-02
  0.989999950      -1.83447413E-02
   1.00000000       0.00000000    
