   0.00000000       0.00000000    
   1.69685995E-03   9.99999978E-03
   2.88611208E-03   1.99999996E-02
   3.93555267E-03   2.99999993E-02
   4.85588983E-03   3.99999991E-02
   5.65622002E-03   4.99999970E-02
   6.34418055E-03   5.99999987E-02
   6.92607742E-03   7.00000003E-02
   7.40699051E-03   7.99999982E-02
   7.79084954E-03   8.99999961E-02
   8.08047783E-03   9.99999940E-02
   8.27763043E-03  0.109999999    
   8.38299748E-03  0.119999997    
   8.39619897E-03  0.129999995    
   8.31573829E-03  0.140000001    
   8.13893881E-03  0.149999991    
   7.86187034E-03  0.159999996    
   7.47919548E-03  0.170000002    
   6.98403455E-03  0.179999992    
   6.36775512E-03  0.189999998    
   5.61970519E-03  0.199999988    
   4.72689280E-03  0.209999993    
   3.67360190E-03  0.219999999    
   2.44091498E-03  0.229999989    
   1.00610778E-03  0.239999995    
  -6.58014324E-04  0.250000000    
  -2.58393702E-03  0.259999990    
  -4.81036864E-03  0.269999981    
  -7.38326367E-03  0.280000001    
  -1.03569180E-02  0.289999992    
  -1.37949800E-02  0.299999982    
  -1.77712291E-02  0.310000002    
  -2.23698150E-02  0.319999993    
  -2.76844595E-02  0.329999983    
  -3.38160358E-02  0.340000004    
  -4.08677049E-02  0.349999994    
  -4.89368737E-02  0.359999985    
  -5.81035502E-02  0.370000005    
  -6.84155598E-02  0.379999995    
  -7.98725039E-02  0.389999986    
  -9.24124047E-02  0.399999976    
 -0.105905302      0.409999996    
 -0.120157495      0.419999987    
 -0.134926111      0.429999977    
 -0.149939775      0.439999998    
 -0.164920241      0.449999988    
 -0.179600820      0.459999979    
 -0.193739086      0.469999999    
 -0.207124233      0.479999989    
 -0.219579935      0.489999980    
 -0.230963349      0.500000000    
 -0.241163373      0.509999990    
 -0.250096351      0.519999981    
 -0.257702082      0.529999971    
 -0.263940841      0.539999962    
 -0.268789291      0.550000012    
 -0.272237331      0.560000002    
 -0.274285853      0.569999993    
 -0.274945229      0.579999983    
 -0.274232596      0.589999974    
 -0.272171021      0.599999964    
 -0.268788457      0.610000014    
 -0.264116555      0.620000005    
 -0.258189827      0.629999995    
 -0.251045257      0.639999986    
 -0.242721662      0.649999976    
 -0.233258307      0.659999967    
 -0.222695440      0.669999957    
 -0.211071223      0.680000007    
 -0.198421627      0.689999998    
 -0.184780359      0.699999988    
 -0.170176849      0.709999979    
 -0.154632702      0.719999969    
 -0.138162449      0.729999959    
 -0.120770931      0.740000010    
 -0.102449954      0.750000000    
  -8.31779093E-02  0.759999990    
  -6.29160553E-02  0.769999981    
  -4.16085124E-02  0.779999971    
  -1.91774219E-02  0.789999962    
   4.47779894E-03  0.799999952    
   2.94800848E-02  0.810000002    
   5.59791923E-02  0.819999993    
   8.41487199E-02  0.829999983    
  0.114184991      0.839999974    
  0.146307424      0.849999964    
  0.180751458      0.859999955    
  0.217763707      0.870000005    
  0.257593781      0.879999995    
  0.300481558      0.889999986    
  0.346644431      0.899999976    
  0.396260828      0.909999967    
  0.449451059      0.919999957    
  0.506255805      0.930000007    
  0.566613495      0.939999998    
  0.630338848      0.949999988    
  0.697100997      0.959999979    
  0.766405880      0.969999969    
  0.837585032      0.979999959    
  0.909792483      0.989999950    
   1.00000000       1.00000000    
