   0.00000000       0.00000000    
   9.99999978E-03   4.63539315E-03
   1.99999996E-02   9.27469507E-03
   2.99999993E-02   1.38468919E-02
   3.99999991E-02   1.82930306E-02
   4.99999970E-02   2.25652605E-02
   5.99999987E-02   2.66258381E-02
   7.00000003E-02   3.04460786E-02
   7.99999982E-02   3.40053588E-02
   8.99999961E-02   3.72901037E-02
   9.99999940E-02   4.02927771E-02
  0.109999999       4.30109687E-02
  0.119999997       4.54465523E-02
  0.129999995       4.76048216E-02
  0.140000001       4.94937785E-02
  0.149999991       5.11234179E-02
  0.159999996       5.25051989E-02
  0.170000002       5.36515154E-02
  0.179999992       5.45752496E-02
  0.189999998       5.52892946E-02
  0.199999988       5.58063872E-02
  0.209999993       5.61387278E-02
  0.219999999       5.62979393E-02
  0.229999989       5.62948659E-02
  0.239999995       5.61391488E-02
  0.250000000       5.58396354E-02
  0.259999990       5.54041006E-02
  0.269999981       5.48391156E-02
  0.280000001       5.41502610E-02
  0.289999992       5.33421524E-02
  0.299999982       5.24182804E-02
  0.310000002       5.13812080E-02
  0.319999993       5.02326079E-02
  0.329999983       4.89734113E-02
  0.340000004       4.76038083E-02
  0.349999994       4.61233333E-02
  0.359999985       4.45311442E-02
  0.370000005       4.28259373E-02
  0.379999995       4.10063192E-02
  0.389999986       3.90708447E-02
  0.399999976       3.70182097E-02
  0.409999996       3.48474830E-02
  0.419999987       3.25587578E-02
  0.429999977       3.01531516E-02
  0.439999998       2.76332721E-02
  0.449999988       2.50042416E-02
  0.459999979       2.22736970E-02
  0.469999999       1.94529071E-02
  0.479999989       1.65582635E-02
  0.489999980       1.36115588E-02
  0.500000000       1.06419437E-02
  0.509999990       7.68732280E-03
  0.519999981       4.79491428E-03
  0.529999971       2.02227384E-03
  0.539999962      -5.63915819E-04
  0.550000012      -2.89129093E-03
  0.560000002      -4.88860533E-03
  0.569999993      -6.49839640E-03
  0.579999983      -7.69468024E-03
  0.589999974      -8.50157812E-03
  0.599999964      -9.00896266E-03
  0.610000014      -9.37301666E-03
  0.620000005      -9.79490578E-03
  0.629999995      -1.04820356E-02
  0.639999986      -1.16062351E-02
  0.649999976      -1.32781453E-02
  0.659999967      -1.55432150E-02
  0.669999957      -1.83918513E-02
  0.680000007      -2.17757188E-02
  0.689999998      -2.56226398E-02
  0.699999988      -2.98481435E-02
  0.709999979      -3.43631953E-02
  0.719999969      -3.90782952E-02
  0.729999959      -4.39082272E-02
  0.740000010      -4.87751327E-02
  0.750000000      -5.36120050E-02
  0.759999990      -5.83669655E-02
  0.769999981      -6.30046278E-02
  0.779999971      -6.75024465E-02
  0.789999962      -7.18392879E-02
  0.799999952      -7.59767815E-02
  0.810000002      -7.98395872E-02
  0.819999993      -8.33068490E-02
  0.829999983      -8.62210095E-02
  0.839999974      -8.84080306E-02
  0.849999964      -8.97002891E-02
  0.859999955      -8.99550095E-02
  0.870000005      -8.90664533E-02
  0.879999995      -8.69721398E-02
  0.889999986      -8.36546123E-02
  0.899999976      -7.91405812E-02
  0.909999967      -7.34988526E-02
  0.919999957      -6.68374002E-02
  0.930000007      -5.92999943E-02
  0.939999998      -5.10628112E-02
  0.949999988      -4.23309170E-02
  0.959999979      -3.33346426E-02
  0.969999969      -2.43260562E-02
  0.979999959      -1.55754285E-02
  0.989999950      -7.36785913E-03
   1.00000000       0.00000000    
